-725643
3210
987564
-8422300
299860
712000
-4756
3500000
278
8630200
-6000100
1200000
-5321
75
89462
563
-61000
-243000
748950
-900000
-7820
2300560
492
6950000
-80300
-3456
872900
50100
-178
699
-9000000
4270000
-70500
-800100
350
900000
-62800
-500200
3499
2860000
-231000
1900000
470000
-900
830000
125000
7321
2400000
-7600000
9450000
-2600
675
1524000
970000
-493000
500700
360400
-78000
-200000
732
162
4780000
-1350
8100
-50600
-100500
9300200
400200
-5000200
76
-4000500
1234
6200
370
-890000
7450000
189000
9000600
2500
-55000
-300400
984200
400500
-7000
-680000
690300
-2000100
-600200
-1500000
-980000
-762000
890400
-400200
-170800
7150000
120500
487
-3600
-970000
820400
745300
-862000
200500
768400
600300
-281
300100
-570000
-78
6700500
-1000600
790400
-4000
600000
980500
-3000400
-100400
-8000
-50800
1720000
452600
-7000500
360400
8500600
700100
-786000
400000
6400800
-4000800
-2300
3700000
720000
5600200
-1450
400500
296400
-9500000
300500
7200500
-920000
-4560
-562000
680000
8750000
990500
3400
-200500
-850000
176500
-7300000
2000800
750100
985400
-600200
-3600000
465300
2600000
-5100
-4500200
890100
-5200000
6300400
970200
126800
-1200300
-3700
250100
-150200
4850000
-270000
175400
-6900000
-55700
760400
-2800
8600200
-475000
780000
3500400
-1750000
235400
-600300